cuda:0
[1,  2000] loss: 2.387
[1,  4000] loss: 2.059
[1,  6000] loss: 1.913
[1,  8000] loss: 1.822
[1, 10000] loss: 1.753
[1, 12000] loss: 1.697
[2,  2000] loss: 1.594
[2,  4000] loss: 1.542
[2,  6000] loss: 1.506
[2,  8000] loss: 1.467
[2, 10000] loss: 1.428
[2, 12000] loss: 1.389
[3,  2000] loss: 1.307
[3,  4000] loss: 1.288
[3,  6000] loss: 1.272
[3,  8000] loss: 1.291
[3, 10000] loss: 1.234
[3, 12000] loss: 1.197
[4,  2000] loss: 1.143
[4,  4000] loss: 1.151
[4,  6000] loss: 1.113
[4,  8000] loss: 1.107
[4, 10000] loss: 1.097
[4, 12000] loss: 1.068
[5,  2000] loss: 0.976
[5,  4000] loss: 0.989
[5,  6000] loss: 1.002
[5,  8000] loss: 0.996
[5, 10000] loss: 0.989
[5, 12000] loss: 0.988
Finished Training
[1,  2000] loss: 2.722
[1,  4000] loss: 2.421
[1,  6000] loss: 2.289
[1,  8000] loss: 2.186
[1, 10000] loss: 2.067
[1, 12000] loss: 1.982
[2,  2000] loss: 2.022
[2,  4000] loss: 2.144
[2,  6000] loss: 2.020
[2,  8000] loss: 1.972
[2, 10000] loss: 1.958
[2, 12000] loss: 1.896
[3,  2000] loss: 1.827
[3,  4000] loss: 1.822
[3,  6000] loss: 1.807
[3,  8000] loss: 1.807
[3, 10000] loss: 1.867
[3, 12000] loss: 1.808
[4,  2000] loss: 1.725
[4,  4000] loss: 1.724
[4,  6000] loss: 1.708
[4,  8000] loss: 1.672
[4, 10000] loss: 1.670
[4, 12000] loss: 1.683
[5,  2000] loss: 1.686
[5,  4000] loss: 1.681
[5,  6000] loss: 1.617
[5,  8000] loss: 1.602
[5, 10000] loss: 1.634
[5, 12000] loss: 1.602
Finished Training
[1,  2000] loss: 5.773
[1,  4000] loss: 4.578
[1,  6000] loss: 3.933
[1,  8000] loss: 3.558
[1, 10000] loss: 3.330
[1, 12000] loss: 3.133
[2,  2000] loss: 2.936
[2,  4000] loss: 2.820
[2,  6000] loss: 2.772
[2,  8000] loss: 2.703
[2, 10000] loss: 2.600
[2, 12000] loss: 2.583
[3,  2000] loss: 2.482
[3,  4000] loss: 2.412
[3,  6000] loss: 2.377
[3,  8000] loss: 2.328
[3, 10000] loss: 2.295
[3, 12000] loss: 2.232
[4,  2000] loss: 2.282
[4,  4000] loss: 2.258
[4,  6000] loss: 2.181
[4,  8000] loss: 2.156
[4, 10000] loss: 2.113
[4, 12000] loss: 2.109
[5,  2000] loss: 2.071
[5,  4000] loss: 2.052
[5,  6000] loss: 2.037
[5,  8000] loss: 2.020
[5, 10000] loss: 2.009
[5, 12000] loss: 2.005
Finished Training
[1,  2000] loss: 6.095
[1,  4000] loss: 5.324
[1,  6000] loss: 4.985
[1,  8000] loss: 4.706
[1, 10000] loss: 4.313
[1, 12000] loss: 4.308
[2,  2000] loss: 3.884
[2,  4000] loss: 3.787
[2,  6000] loss: 3.553
[2,  8000] loss: 3.556
[2, 10000] loss: 3.503
[2, 12000] loss: 3.440
[3,  2000] loss: 3.319
[3,  4000] loss: 3.285
[3,  6000] loss: 3.169
[3,  8000] loss: 3.164
[3, 10000] loss: 3.139
[3, 12000] loss: 3.048
[4,  2000] loss: 3.000
[4,  4000] loss: 2.976
[4,  6000] loss: 2.928
[4,  8000] loss: 2.885
[4, 10000] loss: 2.816
[4, 12000] loss: 2.791
[5,  2000] loss: 2.765
[5,  4000] loss: 2.727
[5,  6000] loss: 2.679
[5,  8000] loss: 2.746
[5, 10000] loss: 2.722
[5, 12000] loss: 2.676
Finished Training
[1,  2000] loss: 1.769
[1,  4000] loss: 1.593
[1,  6000] loss: 1.496
[1,  8000] loss: 1.421
[1, 10000] loss: 1.442
[1, 12000] loss: 1.318
[2,  2000] loss: 1.258
[2,  4000] loss: 1.188
[2,  6000] loss: 1.178
[2,  8000] loss: 1.158
[2, 10000] loss: 1.128
[2, 12000] loss: 1.088
[3,  2000] loss: 1.029
[3,  4000] loss: 1.022
[3,  6000] loss: 1.010
[3,  8000] loss: 0.982
[3, 10000] loss: 0.992
[3, 12000] loss: 0.973
[4,  2000] loss: 0.902
[4,  4000] loss: 0.868
[4,  6000] loss: 0.916
[4,  8000] loss: 0.897
[4, 10000] loss: 0.874
[4, 12000] loss: 0.893
[5,  2000] loss: 0.824
[5,  4000] loss: 0.805
[5,  6000] loss: 0.824
[5,  8000] loss: 0.784
[5, 10000] loss: 0.807
[5, 12000] loss: 0.802
Finished Training
[1,  2000] loss: 2.173
[1,  4000] loss: 2.077
[1,  6000] loss: 2.089
[1,  8000] loss: 2.019
[1, 10000] loss: 1.884
[1, 12000] loss: 1.865
[2,  2000] loss: 1.801
[2,  4000] loss: 1.772
[2,  6000] loss: 1.700
[2,  8000] loss: 1.678
[2, 10000] loss: 1.722
[2, 12000] loss: 1.647
[3,  2000] loss: 1.645
[3,  4000] loss: 1.571
[3,  6000] loss: 1.559
[3,  8000] loss: 1.540
[3, 10000] loss: 1.521
[3, 12000] loss: 1.504
[4,  2000] loss: 1.541
[4,  4000] loss: 1.515
[4,  6000] loss: 1.467
[4,  8000] loss: 1.391
[4, 10000] loss: 1.398
[4, 12000] loss: 1.374
[5,  2000] loss: 1.413
[5,  4000] loss: 1.383
[5,  6000] loss: 1.374
[5,  8000] loss: 1.322
[5, 10000] loss: 1.359
[5, 12000] loss: 1.296
Finished Training
[1,  2000] loss: 2.639
[1,  4000] loss: 2.398
[1,  6000] loss: 2.320
[1,  8000] loss: 2.353
[1, 10000] loss: 2.326
[1, 12000] loss: 2.322
[2,  2000] loss: 2.301
[2,  4000] loss: 2.331
[2,  6000] loss: 2.279
[2,  8000] loss: 2.277
[2, 10000] loss: 2.268
[2, 12000] loss: 2.279
[3,  2000] loss: 2.279
[3,  4000] loss: 2.259
[3,  6000] loss: 2.267
[3,  8000] loss: 2.256
[3, 10000] loss: 2.241
[3, 12000] loss: 2.213
[4,  2000] loss: 2.189
[4,  4000] loss: 2.213
[4,  6000] loss: 2.104
[4,  8000] loss: 2.073
[4, 10000] loss: 2.088
[4, 12000] loss: 2.070
[5,  2000] loss: 2.054
[5,  4000] loss: 2.047
[5,  6000] loss: 2.061
[5,  8000] loss: 2.159
[5, 10000] loss: 2.119
[5, 12000] loss: 2.111
Finished Training
[1,  2000] loss: 2.598
[1,  4000] loss: 2.360
[1,  6000] loss: 2.336
[1,  8000] loss: 2.340
[1, 10000] loss: 2.270
[1, 12000] loss: 2.273
[2,  2000] loss: 2.261
[2,  4000] loss: 2.234
[2,  6000] loss: 2.234
[2,  8000] loss: 2.233
[2, 10000] loss: 2.200
[2, 12000] loss: 2.186
[3,  2000] loss: 2.162
[3,  4000] loss: 2.149
[3,  6000] loss: 2.135
[3,  8000] loss: 2.106
[3, 10000] loss: 2.056
[3, 12000] loss: 2.027
[4,  2000] loss: 2.084
[4,  4000] loss: 2.064
[4,  6000] loss: 2.067
[4,  8000] loss: 2.109
[4, 10000] loss: 2.136
[4, 12000] loss: 2.089
[5,  2000] loss: 2.063
[5,  4000] loss: 2.051
[5,  6000] loss: 2.053
[5,  8000] loss: 2.015
[5, 10000] loss: 1.994
[5, 12000] loss: 1.959
Finished Training
