,Loss,Accuracy,Epoch,Step
0,2.0033421620726584,25.7875,1,2000
1,1.9873564227819442,25.9125,1,4000
2,1.9644696578383445,27.5625,1,6000
3,1.9215783326029778,30.15,1,8000
4,1.9100230060219765,30.3875,1,10000
5,1.8731535113453865,31.275,1,12000
6,1.8932166947126388,30.4125,2,2000
7,1.8692551248669624,31.65,2,4000
8,1.855075235813856,30.1375,2,6000
9,1.8232054991424085,32.5,2,8000
10,1.8231194574832916,33.0875,2,10000
11,1.8188965994119644,33.0125,2,12000
12,1.7803416052758694,33.775,3,2000
13,1.778864349901676,33.5125,3,4000
14,1.7848674602210521,33.875,3,6000
15,1.779021167486906,34.65,3,8000
16,1.7559683966040611,34.8125,3,10000
17,1.752582298874855,35.3125,3,12000
18,1.6960640548467636,37.425,4,2000
19,1.697071453988552,37.3375,4,4000
20,1.6885427452027797,38.775,4,6000
21,1.667882418602705,39.0125,4,8000
22,1.652453378677368,39.2375,4,10000
23,1.6539505938589574,39.35,4,12000
24,1.6374901447296142,40.2125,5,2000
25,1.6240629868209362,40.7875,5,4000
26,1.5808034936189652,42.45,5,6000
27,1.5993777895867825,40.9,5,8000
28,1.6038486469089985,41.4,5,10000
29,1.581000067681074,41.7125,5,12000
