,Loss,Accuracy,Epoch,Step
0,0.9174305330477655,68.8875,1,2000
1,0.9321701671555638,68.4125,1,4000
2,0.9117479127664119,69.1625,1,6000
3,0.9489631001483649,67.55,1,8000
4,0.913299708507955,69.1875,1,10000
5,0.9055126069337129,68.925,1,12000
6,0.8420454464983195,71.75,2,2000
7,0.8368394900555722,71.6375,2,4000
8,0.8389059290848673,71.6375,2,6000
9,0.8277155978595838,71.4625,2,8000
10,0.8225354779819026,72.025,2,10000
11,0.811387215031311,72.25,2,12000
12,0.7381111955167726,75.4125,3,2000
13,0.7610525335352868,74.3125,3,4000
14,0.7270063814930617,74.625,3,6000
15,0.7527408214788884,74.6125,3,8000
16,0.7725345321195201,74.0875,3,10000
17,0.7551959148850292,74.55,3,12000
18,0.6607846510927193,78.15,4,2000
19,0.6830980779270176,76.9125,4,4000
20,0.6942396581938955,76.7625,4,6000
21,0.6768866100432351,77.2,4,8000
22,0.692648125173524,76.825,4,10000
23,0.6925926225958392,76.875,4,12000
