,Loss,Accuracy,Epoch,Step
0,3.0494751608967783,14.025,1,2000
1,2.5527152860164644,15.6125,1,4000
2,2.4540743297338485,14.275,1,6000
3,2.3577452107667924,11.4,1,8000
4,2.2862640364170073,13.6,1,10000
5,2.2677938947081566,14.3125,1,12000
6,2.244681280553341,14.9375,2,2000
7,2.252474785685539,14.4625,2,4000
8,2.2473417195081713,15.7,2,6000
9,2.268765358865261,14.85,2,8000
10,2.264294761955738,14.4625,2,10000
11,2.2047726328969004,16.0625,2,12000
12,2.204501585543156,17.35,3,2000
13,2.2814197496175765,13.0125,3,4000
14,2.271138303935528,13.9375,3,6000
15,2.2655552130937577,14.6625,3,8000
16,2.2525220660567284,14.9875,3,10000
17,2.201418624639511,16.7625,3,12000
18,2.19414650285244,16.8125,4,2000
19,2.254402249634266,14.725,4,4000
20,2.214798760354519,18.0,4,6000
21,2.199436471223831,16.75,4,8000
22,2.186626352608204,15.825,4,10000
23,2.235695304572582,15.1625,4,12000
