,Loss,Accuracy,Epoch,Step
0,1.1954507171353326,58.6375,1,2000
1,1.213246095681563,57.8,1,4000
2,1.2201829023938626,57.75,1,6000
3,1.228208839405328,57.225,1,8000
4,1.2259647959396243,57.25,1,10000
5,1.2081444020979106,57.825,1,12000
6,1.1443931707488373,60.425,2,2000
7,1.1554952311962843,60.125,2,4000
8,1.1841264393515885,58.95,2,6000
9,1.1737088594324887,59.725,2,8000
10,1.1639024488925933,59.7625,2,10000
11,1.18905479510827,58.575,2,12000
12,1.093849618694745,61.775,3,2000
13,1.1216466032713652,60.3,3,4000
14,1.115863643007353,61.4875,3,6000
15,1.1385898630581797,60.5625,3,8000
16,1.1283935255352409,61.65,3,10000
17,1.1524950481289997,60.2625,3,12000
