,Loss,Accuracy,Epoch,Step
0,2.2339565397500993,14.925,1,2000
1,2.2121058171391486,16.6,1,4000
2,2.1923504589796066,17.3375,1,6000
3,2.1668527389764787,18.65,1,8000
4,2.1487444701194764,19.2375,1,10000
5,2.1749399043917657,17.925,1,12000
6,2.2055487362742423,16.8375,2,2000
7,2.177952627003193,18.0,2,4000
8,2.1752937767505647,18.075,2,6000
9,2.1347499292492866,19.525,2,8000
10,2.1545058307647706,19.475,2,10000
11,2.190957066297531,17.825,2,12000
12,2.1774559563994407,17.475,3,2000
13,2.122341941893101,20.025,3,4000
14,2.0942297473549845,22.2625,3,6000
15,2.1665653794407844,18.1875,3,8000
16,2.1439519355893135,19.4,3,10000
17,2.1146642413139345,19.5375,3,12000
18,2.1233883729577063,19.1375,4,2000
19,2.126989361226559,19.525,4,4000
20,2.136344734609127,19.4375,4,6000
21,2.208466232895851,16.675,4,8000
22,2.202166853070259,17.7125,4,10000
23,2.179265991330147,17.5625,4,12000
