,Loss,Accuracy,Epoch,Step
0,3.141366021931171,12.7,1,2000
1,2.631480907559395,11.6375,1,4000
2,2.3034450585246087,13.2,1,6000
3,2.317476034641266,12.2375,1,8000
4,2.2828770642876623,13.9,1,10000
5,2.2998759065270424,12.0,1,12000
6,2.2969688782691957,11.0875,2,2000
7,2.2875097537636755,12.2125,2,4000
8,2.232824180662632,15.6375,2,6000
9,2.2300821637511254,15.4875,2,8000
10,2.174935727953911,16.9875,2,10000
11,2.2246073506474495,16.175,2,12000
12,2.2395440548062324,14.4125,3,2000
13,2.2563038650155067,15.1,3,4000
14,2.2508002563118934,14.7125,3,6000
15,2.235072865664959,15.1375,3,8000
16,2.235034002661705,15.3875,3,10000
17,2.226476172029972,16.45,3,12000
