,Loss,Accuracy,Epoch,Step
0,3.060071887612343,14.25,1,2000
1,2.609581086039543,14.3375,1,4000
2,2.3562964797616006,14.175,1,6000
3,2.2836121980547905,14.925,1,8000
4,2.289727074384689,13.3125,1,10000
5,2.2708514785170557,14.8875,1,12000
6,2.2981021741628647,13.575,2,2000
7,2.3004299806952475,14.0,2,4000
8,2.2424637598991395,15.9625,2,6000
9,2.2387893780469894,15.4875,2,8000
10,2.287381496310234,12.5375,2,10000
11,2.245563216149807,14.225,2,12000
12,2.276375924229622,12.8875,3,2000
13,2.2705325700640677,14.6375,3,4000
14,2.2512428795099257,15.5375,3,6000
15,2.246911483645439,14.95,3,8000
16,2.278303089082241,13.6,3,10000
17,2.2404387667179106,14.5875,3,12000
18,2.2007338653206827,17.125,4,2000
19,2.223359017908573,15.925,4,4000
20,2.2498290603756903,14.85,4,6000
21,2.220545412003994,16.3375,4,8000
22,2.227018685042858,16.275,4,10000
23,2.2195470081567765,16.775,4,12000
24,2.1740399782061575,19.775,5,2000
25,2.2531438065171243,15.9625,5,4000
26,2.179912988305092,18.4875,5,6000
27,2.139108308434486,20.775,5,8000
28,2.133194042503834,21.15,5,10000
29,2.071460641682148,22.6125,5,12000
30,2.04937243950367,23.5125,6,2000
31,2.0344019511938094,24.6125,6,4000
32,2.015208227843046,26.85,6,6000
33,2.0324713664650917,25.475,6,8000
34,2.0561254168152807,22.6125,6,10000
35,1.9646579210162163,26.8625,6,12000
