,Loss,Accuracy,Epoch,Step
0,2.100706045508385,20.55,1,2000
1,2.0355979878902435,22.8375,1,4000
2,1.9667969020009042,25.7375,1,6000
3,2.067874323010445,21.875,1,8000
4,2.0207312851548194,23.375,1,10000
5,1.9556006692051888,25.4125,1,12000
6,1.8874970594644547,28.65,2,2000
7,1.8711836307644845,30.0625,2,4000
8,1.7962778688371182,32.475,2,6000
9,1.7853895437419414,33.5625,2,8000
10,1.7827009182870388,33.725,2,10000
11,1.7667570925354958,33.4375,2,12000
12,1.7167304746508598,36.7,3,2000
13,1.6920118637979031,37.2,3,4000
14,1.6808894806206227,37.475,3,6000
15,1.6859291549324988,37.5375,3,8000
16,1.6970697746276855,37.15,3,10000
17,1.692599861085415,37.8,3,12000
18,1.6603238634765147,39.0375,4,2000
19,1.6968941159248352,37.2125,4,4000
20,1.7219476647675038,35.8625,4,6000
21,1.628129247263074,39.725,4,8000
22,1.635832375332713,39.3125,4,10000
23,1.6007100958824159,41.375,4,12000
24,1.5727430599182843,42.9375,5,2000
25,1.5855076307952405,41.5125,5,4000
26,1.5716112710386514,41.7125,5,6000
27,1.5778061401546002,42.275,5,8000
28,1.5737491109669208,42.5,5,10000
29,1.5480271183550358,43.3125,5,12000
30,1.5143421017974614,44.825,6,2000
31,1.5107359422296285,44.375,6,4000
32,1.539057526960969,43.9,6,6000
33,1.5142954155504704,44.5875,6,8000
34,1.5113952465802432,44.6125,6,10000
35,1.4802623529881238,45.825,6,12000
36,1.4673458320498467,47.025,7,2000
37,1.4464352670758962,47.6,7,4000
38,1.4496867213100195,47.15,7,6000
39,1.4077535743489862,48.5875,7,8000
40,1.4425410450845957,47.5375,7,10000
41,1.420174914456904,48.6875,7,12000
42,1.4078047470971942,48.9125,8,2000
43,1.4358871168941258,47.775,8,4000
44,1.4196711560934783,48.2375,8,6000
45,1.4210631981790065,48.3375,8,8000
46,1.4590512729287148,47.7375,8,10000
47,1.3931715793684125,49.2375,8,12000
